横刀立马
10
0 4 1 0
1 3 0 0
2 3 3 0
3 3 0 2
4 3 3 2
5 2 1 2
6 1 0 4
7 1 1 3
8 1 2 3
9 1 3 4
兵分三路
10
0 4 1 0
1 3 0 1
2 3 0 3
3 3 3 1
4 3 3 3
5 2 1 2
6 1 0 0
7 1 3 0
8 1 1 3
9 1 2 3
雨声淅沥
10
0 4 1 0
1 3 0 0
2 3 0 2
3 3 1 3
4 3 3 2
5 2 1 2
6 1 0 4
7 1 3 0
8 1 3 1
9 1 3 4
捷足先登
10
0 4 1 0
1 3 0 3
2 3 1 3
3 3 2 3
4 3 3 3
5 2 1 2
6 1 0 0
7 1 0 1
8 1 3 0
9 1 3 1
层层设防
10
0 4 1 0
1 3 0 1
2 3 3 1
3 2 1 2
4 2 1 3
5 2 1 4
6 1 0 0
7 1 0 3
8 1 3 0
9 1 3 3
堵塞要道
10
0 4 1 0
1 3 0 2
2 3 1 2
3 2 2 2
4 2 2 3
5 2 1 4
6 1 0 0
7 1 0 1
8 1 3 0
9 1 3 1
瓮中之鳖
10
0 4 1 0
1 3 0 0
2 3 3 0
3 2 0 2
4 2 2 2
5 2 1 3
6 1 0 3
7 1 0 4
8 1 3 3
9 1 3 4
前呼后拥
10
0 4 2 0
1 2 0 1
2 2 0 2
3 2 0 3
4 2 2 2
5 2 2 3
6 1 0 0
7 1 0 1
8 1 2 4
9 1 3 4
五将逼宫
10
0 4 1 1
1 3 0 1
2 3 3 1
3 2 0 0
4 2 2 0
5 2 1 3
6 1 0 3
7 1 0 4
8 1 3 3
9 1 3 4
似远实近
10
0 4 0 0
1 3 0 3
2 3 1 3
3 3 3 3
4 2 2 0
5 2 2 1
6 1 2 2
7 1 3 2
8 1 2 3
9 1 2 4
&&